ZprimeToZhToZlephtata_narrow_M-800.xs: 0.0030904822   

ZprimeToZhToZlephtata_narrow_M-1000.xs: 0.0016809263

ZprimeToZhToZlephtata_narrow_M-1600.xs: 0.0002530937