GluGluHToTauTau_M125_13TeV_PH-skimid3057.xs: 2.7757

VBFHToTauTau_M125_13TeV_PH-skimid3413.xs: 0.23687

ZHToTauTau_M125_13TeV_PH-skimid3412.xs: 0.0549

WHToTauTau_M125_13TeV_PH.xs: 0.0872

GJets_HT-40To100_13TeV_MG-skimid3393.xs: 20730

GJets_HT-100To200_13TeV_MG-skimid3385.xs: 9226

GJets_HT-200To400_13TeV_MG-skimid3388.xs: 2300 

GJets_HT-400To600_13TeV_MG-skimid3400.xs: 277.4

GJets_HT-600ToInf_13TeV_MG-skimid3259.xs: 93.38 

QCD_Pt_5to10_13TeV_P8-skimid3356.xs: 61018300000.0 

QCD_Pt_10to15_13TeV_P8-skimid3307.xs: 5887580000.0

QCD_Pt_15to30_13TeV_P8-skimid3386.xs: 1837410000.0

QCD_Pt_30to50_13TeV_P8-skimid3269.xs: 140932000.0

QCD_Pt_50to80_13TeV_P8-skimid3292.xs: 19204300.0

QCD_Pt_80to120_13TeV_P8-skimid3361.xs: 2762530.0

QCD_Pt_120to170_13TeV_P8-skimid3371.xs: 471100.0

QCD_Pt_170to300_13TeV_P8-skimid3353.xs: 117276.0

QCD_Pt_300to470_13TeV_P8-skimid3282.xs: 7823.0

QCD_Pt_470to600_13TeV_P8-skimid3397.xs: 648.2

QCD_Pt_600to800_13TeV_P8-skimid3275.xs: 186.9

QCD_Pt_800to1000_13TeV_P8-skimid3398.xs: 32.293

QCD_Pt_1400to1800_13TeV_P8-skimid3340.xs: 0.84265

QCD_Pt_1800to2400_13TeV_P8-skimid3326.xs: 0.114943

QCD_Pt_2400to3200_13TeV_P8-skimid3360.xs: 0.00682981

QCD_Pt_3200toInf_13TeV_P8-skimid3379.xs: 0.000165445

DYJetsToLL_M-5to50_13TeV_MG-skimid3260.xs: 7160.0

DYJetsToLL_M-50_13TeV_MG-skimid3253.xs: 4895.0

ST_t-channel_antitop_4f_leptonDecays_13TeV_PH-skimid3302.xs: 80.95

ST_t-channel_top_4f_leptonDecays_13TeV_PH-skimid2845.xs: 103.02

ST_tW_antitop_5f_inclusiveDecays_13TeV_PH-skimid2858.xs: 38.09

ST_tW_top_5f_inclusiveDecays_13TeV-v2_PH-skimid2861.xs: 38.09

WWTo2L2Nu_13TeV_PH-skimid3314.xs: 12.178

WWTo4Q_13TeV-v2_PH-skimid2871.xs: 51.723

WWToLNuQQ_13TeV_PH-skimid3392.xs: 49.997

WZTo3LNu_13TeV_PH-skimid3032.xs: 4.42965

ZZTo2L2Nu_13TeV_PH-skimid3046.xs: 0.5644

ZZTo4L_13TeV_PH-skimid3045.xs: 1.256

WJetsToLNu_13TeV_MG-skimid3238.xs: 50690

WJetsToLNu_HT-100To200_13TeV_MG-skimid3389.xs: 1292.0

WJetsToLNu_HT-200To400_13TeV_MG-skimid3404.xs: 385.9

WJetsToLNu_HT-400To600_13TeV_MG-skimid3254.xs: 47.9

WJetsToLNu_HT-600To800_13TeV_MG-skimid3256.xs: 12.8

WJetsToLNu_HT-800To1200_13TeV_MG-skimid3255.xs: 5.261

WJetsToLNu_HT-1200To2500_13TeV_MG-skimid3258.xs: 1.334

WJetsToLNu_HT-2500ToInf_13TeV_MG-skimid3257.xs: 0.03089

TT_Mtt-700to1000_13TeV_ext1_PH-skimid2868.xs: 730

TT_Mtt-1000toInf_13TeV_ext1_PH-skimid3319.xs: 730

TT_13TeV_PH-skimid3233.xs: 730.0

ZprimeToZhToZlephtata_narrow_M-800_13TeV_MG-skimid3194.xs: 0.0030904822   

ZprimeToZhToZlephtata_narrow_M-1000_13TeV_MG-skimid3200.xs: 0.0016809263

ZprimeToZhToZlephtata_narrow_M-1600_13TeV_MG-skimid3201.xs: 0.0002530937
